{"nbformat":4,"nbformat_minor":0,"metadata":{"colab":{"provenance":[],"authorship_tag":"ABX9TyNU36T8NFiRlyrzMUL7JfvI"},"kernelspec":{"name":"python3","display_name":"Python 3"},"language_info":{"name":"python"}},"cells":[{"cell_type":"code","execution_count":1,"metadata":{"id":"hDpFN-PG9L1d","executionInfo":{"status":"ok","timestamp":1705688545516,"user_tz":-330,"elapsed":4170,"user":{"displayName":"Subhendu Ranjan Mishra","userId":"07522839602294169270"}}},"outputs":[],"source":["import numpy as np\n","import torch\n","import torch.nn as nn"]},{"cell_type":"markdown","source":["## Derivatves of dot procut\n","#### If  $y=x^T.x$\n","#### then $Δy = 2x^T.Δx$\n"],"metadata":{"id":"8vp6q2Eb9a-q"}},{"cell_type":"code","source":["x = np.random.random(6)*10\n","print(f\"{x=}\")\n","y = x@x\n","print(f\"{y=}\")\n","dx = np.random.random(6)/200.0\n","print(f\"{dx=}\")\n","x_new = x + dx\n","dy_actual = x_new@x_new - y\n","print(f\"{dy_actual=}\")\n","\n","dy_computed = 2*x@dx\n","print(f\"{dy_computed=}\")"],"metadata":{"colab":{"base_uri":"https://localhost:8080/"},"id":"8_3aD64J9asd","executionInfo":{"status":"ok","timestamp":1705689055252,"user_tz":-330,"elapsed":6,"user":{"displayName":"Subhendu Ranjan Mishra","userId":"07522839602294169270"}},"outputId":"c0fdafd5-3344-4a6e-88b2-2400c198ad56"},"execution_count":9,"outputs":[{"output_type":"stream","name":"stdout","text":["x=array([6.76506227e+00, 5.12742245e+00, 9.93885404e+00, 2.89484520e+00,\n","       8.52827315e-03, 6.77637173e+00])\n","y=225.13676347463496\n","dx=array([1.13680693e-03, 2.25151854e-03, 2.49270228e-03, 4.97766309e-03,\n","       8.48988591e-05, 4.21320253e-03])\n","dy_actual=0.17399546120805098\n","dy_computed=0.17394035056433949\n"]}]},{"cell_type":"markdown","source":["# Derivative of a Matrix Square\n","\n","### if $Y = X@X$\n","### then $\\Delta Y = X@ \\Delta X + \\Delta X @ X$"],"metadata":{"id":"AhqycLKO_jE6"}},{"cell_type":"code","source":["X = np.random.random((5,5))*10\n","print(f\"{X=}\")\n","Y = X@X\n","print(f\"{Y=}\")\n","dX = np.random.random((5,5))/20.0\n","print(f\"{dX=}\")\n","X_new = X + dX\n","dY_actual = X_new@X_new - Y\n","print(f\"{dY_actual=}\")\n","\n","dY_computed = X@dX + dX@X\n","print(f\"{dY_computed=}\")\n","\n","np.abs(dY_computed - dY_actual)"],"metadata":{"colab":{"base_uri":"https://localhost:8080/"},"id":"E85F9XK--kqA","executionInfo":{"status":"ok","timestamp":1705689371040,"user_tz":-330,"elapsed":5,"user":{"displayName":"Subhendu Ranjan Mishra","userId":"07522839602294169270"}},"outputId":"ec097cf5-5cdc-428b-df00-797c533653a3"},"execution_count":11,"outputs":[{"output_type":"stream","name":"stdout","text":["X=array([[7.13703061, 5.17804546, 1.40222378, 9.55392678, 4.03024485],\n","       [7.94994244, 2.75167543, 1.80340845, 6.96847201, 1.0360575 ],\n","       [7.4446502 , 8.59649126, 7.61004827, 2.17185851, 5.21635427],\n","       [4.03598146, 3.49108775, 4.78026759, 7.75948759, 1.57312678],\n","       [9.48253848, 1.01479384, 5.47015011, 4.81071664, 0.76645972]])\n","Y=array([[179.31785811, 100.70183832,  97.73320644, 200.83710667,\n","         59.56178819],\n","       [129.98946787,  89.61879802,  68.81256932, 158.10084035,\n","         56.0547122 ],\n","       [236.35831513, 140.49887722, 122.77119086, 189.50491113,\n","         86.02166439],\n","       [138.3806733 , 100.28381585,  94.03094007, 141.04659841,\n","         58.23092646],\n","       [143.15202117, 116.48992877,  83.94399771, 150.56334956,\n","         75.95790523]])\n","dX=array([[0.03987458, 0.03195483, 0.02253279, 0.02066954, 0.03759418],\n","       [0.00607661, 0.04292263, 0.04655716, 0.04127748, 0.04678078],\n","       [0.03963017, 0.03536689, 0.00998871, 0.01666873, 0.04251454],\n","       [0.03301974, 0.04365854, 0.01352756, 0.03574616, 0.01534254],\n","       [0.01748618, 0.00025431, 0.00925242, 0.01573828, 0.01141711]])\n","dY_actual=array([[1.90786424, 1.52081444, 1.17513639, 1.78723695, 1.14013281],\n","       [1.99933272, 1.48730157, 1.32614769, 1.58186885, 1.04100366],\n","       [1.92587981, 1.46577167, 1.23250142, 1.77964855, 1.41002526],\n","       [1.63209149, 1.33978284, 0.90706804, 1.61382764, 0.97673699],\n","       [1.14258234, 0.98915551, 0.62161543, 0.8803384 , 0.8730259 ]])\n","dY_computed=array([[1.90384722, 1.51645979, 1.17189766, 1.78338763, 1.13543458],\n","       [1.99480354, 1.48180445, 1.32255615, 1.5769837 , 1.0356205 ],\n","       [1.92239499, 1.46189544, 1.22924324, 1.7759381 , 1.4057151 ],\n","       [1.62852484, 1.3348108 , 0.90353075, 1.60959829, 0.97215454],\n","       [1.14079755, 0.98756858, 0.62079862, 0.87906998, 0.87159145]])\n"]},{"output_type":"execute_result","data":{"text/plain":["array([[0.00401702, 0.00435465, 0.00323873, 0.00384932, 0.00469824],\n","       [0.00452918, 0.00549712, 0.00359154, 0.00488515, 0.00538316],\n","       [0.00348482, 0.00387623, 0.00325818, 0.00371044, 0.00431015],\n","       [0.00356665, 0.00497203, 0.00353728, 0.00422936, 0.00458245],\n","       [0.00178479, 0.00158693, 0.00081681, 0.00126842, 0.00143445]])"]},"metadata":{},"execution_count":11}]},{"cell_type":"code","source":[],"metadata":{"id":"dWtm7anwAbmA"},"execution_count":null,"outputs":[]}]}